0.000244140625 1.32485090649e-09
0.00048828125 5.25690869587e-09
0.000732421875 1.17966456811e-08
0.0009765625 2.0944344338e-08
0.001220703125 3.27000816245e-08
0.00146484375 4.70637435494e-08
0.001708984375 6.40350211688e-08
0.001953125 8.36134143668e-08
0.002197265625 1.05798231523e-07
0.00244140625 1.30588594959e-07
0.002685546875 1.57983439387e-07
0.0029296875 1.87981519911e-07
0.003173828125 2.20581416032e-07
0.00341796875 2.55781520976e-07
0.003662109375 2.93580061594e-07
0.00390625 3.33975092697e-07
0.004150390625 3.76964499607e-07
0.00439453125 4.22546005391e-07
0.004638671875 4.70717169191e-07
0.0048828125 5.21475398236e-07
0.005126953125 5.74817939052e-07
0.00537109375 6.30741893705e-07
0.005615234375 6.89244213458e-07
0.005859375 7.50321706334e-07
0.006103515625 8.13971040563e-07
0.00634765625 8.80188747587e-07
0.006591796875 9.48971229287e-07
0.0068359375 1.02031475598e-06
0.007080078125 1.09421547432e-06
0.00732421875 1.17066940662e-06
0.007568359375 1.24967245499e-06
0.0078125  1.33122041786e-06
0.008056640625 1.41530896803e-06
0.00830078125 1.50193367908e-06
0.008544921875 1.59109002182e-06
0.0087890625 1.68277335954e-06
0.009033203125 1.776978963e-06
0.00927734375 1.87370200841e-06
0.009521484375 1.97293757759e-06
0.009765625 2.07468066715e-06
0.010009765625 2.17892618585e-06
0.01025390625 2.28566896073e-06
0.010498046875 2.39490374439e-06
0.0107421875 2.50662520395e-06
0.010986328125 2.62082794055e-06
0.01123046875 2.73750647628e-06
0.011474609375 2.85665526871e-06
0.01171875 2.97826870548e-06
0.011962890625 3.10234111182e-06
0.01220703125 3.22886675057e-06
0.012451171875 3.35783981721e-06
0.0126953125 3.48925445346e-06
0.012939453125 3.62310474269e-06
0.01318359375 3.75938471352e-06
0.013427734375 3.89808833444e-06
0.013671875 4.03920952776e-06
0.013916015625 4.18274215887e-06
0.01416015625 4.32868004311e-06
0.014404296875 4.47701694831e-06
0.0146484375 4.62774659062e-06
0.014892578125 4.78086263769e-06
0.01513671875 4.93635871168e-06
0.015380859375 5.09422838771e-06
0.015625   5.25446519029e-06
0.015869140625 5.41706260548e-06
0.01611328125 5.58201406292e-06
0.016357421875 5.74931295891e-06
0.0166015625 5.91895263314e-06
0.016845703125 6.09092638715e-06
0.01708984375 6.26522747421e-06
0.017333984375 6.44184910112e-06
0.017578125 6.6207844334e-06
0.017822265625 6.80202658398e-06
0.01806640625 6.98556862309e-06
