0.03125    6.38160762038e-15
0.0625     7.70194023149e-15
0.09375    6.16155218519e-15
0.125      4.40110870371e-15
0.15625    8.14205110186e-15
0.1875     5.50138587964e-15
0.21875    3.96099783334e-15
0.25       5.72144131482e-15
0.28125    5.72144131482e-15
0.3125     5.50138587964e-15
0.34375    4.40110870371e-15
0.375      3.74094239815e-15
0.40625    4.62116413889e-15
0.4375     4.62116413889e-15
0.46875    2.20055435185e-15
0.5        1.32033261111e-15
0.53125    2.20055435185e-15
0.5625     4.40110870371e-16
0.59375    4.40110870371e-16
0.625      2.20055435185e-16
0.65625    2.20055435185e-16
0.6875     1.10027717593e-15
0.71875    4.40110870371e-16
0.75       6.60166305556e-16
0.78125    4.18105326852e-15
0.8125     2.20055435185e-15
0.84375    3.0807760926e-15
0.875      3.52088696297e-15
0.90625    2.42060978704e-15
0.9375     1.98049891667e-15
0.96875    3.52088696297e-15
1.0        3.74094239815e-15
